START: 2019-10-27 10:35:31.793288
END: 2019-10-27 12:59:24.951348